        -1.0       1.0       2.0       3.0       4.0       5.0       6.0       inf
K                                                                                 
1   0.680556  0.583333  0.569444  0.666667  0.638889  0.638889  0.638889  0.625000
2   0.472222  0.444444  0.430556  0.430556  0.416667  0.416667  0.416667  0.472222
3   0.680556  0.652778  0.680556  0.708333  0.694444  0.694444  0.694444  0.583333
4   0.569444  0.569444  0.541667  0.569444  0.569444  0.569444  0.569444  0.472222
5   0.694444  0.722222  0.708333  0.694444  0.708333  0.708333  0.708333  0.638889
6   0.611111  0.625000  0.638889  0.638889  0.638889  0.638889  0.638889  0.541667
7   0.666667  0.694444  0.708333  0.694444  0.694444  0.694444  0.694444  0.722222
8   0.625000  0.611111  0.625000  0.652778  0.652778  0.652778  0.652778  0.625000
9   0.666667  0.708333  0.722222  0.736111  0.736111  0.736111  0.736111  0.763889
10  0.625000  0.694444  0.708333  0.694444  0.680556  0.680556  0.680556  0.708333
11  0.694444  0.694444  0.722222  0.736111  0.722222  0.722222  0.722222  0.750000
12  0.680556  0.680556  0.680556  0.694444  0.666667  0.666667  0.666667  0.694444
13  0.708333  0.708333  0.722222  0.722222  0.708333  0.708333  0.708333  0.763889
14  0.680556  0.694444  0.680556  0.680556  0.680556  0.680556  0.680556  0.708333
15  0.722222  0.708333  0.736111  0.708333  0.708333  0.708333  0.708333  0.722222
16  0.708333  0.708333  0.680556  0.694444  0.694444  0.694444  0.694444  0.722222
17  0.736111  0.736111  0.736111  0.736111  0.736111  0.736111  0.736111  0.722222
18  0.722222  0.736111  0.694444  0.722222  0.722222  0.722222  0.722222  0.708333
19  0.736111  0.750000  0.750000  0.736111  0.736111  0.736111  0.736111  0.722222
20  0.708333  0.736111  0.722222  0.736111  0.736111  0.736111  0.736111  0.680556
21  0.736111  0.763889  0.736111  0.736111  0.736111  0.736111  0.736111  0.708333
22  0.722222  0.722222  0.694444  0.722222  0.722222  0.722222  0.722222  0.666667
23  0.736111  0.763889  0.736111  0.750000  0.750000  0.750000  0.750000  0.722222
24  0.736111  0.736111  0.694444  0.736111  0.736111  0.736111  0.736111  0.694444
25  0.736111  0.736111  0.722222  0.750000  0.750000  0.750000  0.750000  0.736111
26  0.722222  0.722222  0.694444  0.736111  0.736111  0.736111  0.736111  0.736111
27  0.722222  0.736111  0.777778  0.750000  0.750000  0.750000  0.750000  0.736111
28  0.722222  0.736111  0.736111  0.736111  0.736111  0.736111  0.736111  0.736111
29  0.722222  0.736111  0.763889  0.777778  0.777778  0.777778  0.777778  0.750000
30  0.708333  0.722222  0.736111  0.763889  0.763889  0.763889  0.763889  0.708333